node1,node2
0,1
0,97
1,2
2,3
3,4
4,5
4,57
5,6
5,58
6,7
6,60
6,96
7,8
7,60
7,150
7,215
7,250
8,9
9,10
9,37
9,150
10,11
10,38
10,200
10,216
10,217
11,12
12,13
12,38
12,39
12,171
12,172
13,14
14,15
14,38
14,172
15,16
15,66
15,67
16,17
17,18
18,19
19,20
20,21
21,22
22,23
23,24
24,25
25,26
26,27
28,29
29,30
30,31
30,209
31,32
32,33
33,34
34,35
35,36
35,62
35,63
36,37
36,215
36,249
37,38
37,149
39,40
39,218
39,219
40,41
41,42
42,43
42,87
42,88
42,116
42,117
42,204
42,205
43,44
44,45
45,46
45,158
45,159
45,278
46,47
47,48
48,49
49,50
50,51
51,52
52,53
53,54
54,55
55,56
57,58
58,59
58,251
59,60
60,61
60,199
61,62
61,214
61,215
63,64
63,249
63,276
64,65
64,248
64,249
65,66
65,147
65,148
67,68
67,83
68,69
69,70
69,174
69,175
70,71
71,72
72,73
73,74
74,75
75,76
76,77
77,78
78,79
79,80
80,81
81,82
83,84
83,220
83,221
84,85
85,86
85,260
85,261
86,87
88,89
89,90
89,115
89,116
90,91
91,92
92,93
92,168
92,169
93,94
94,95
94,151
94,200
95,96
95,150
95,151
97,98
98,99
99,100
100,101
101,102
102,103
103,104
104,105
105,106
107,108
107,165
107,166
107,253
107,254
108,109
109,110
110,111
111,112
112,113
113,114
113,155
113,156
114,115
117,118
118,119
119,120
120,121
121,122
122,123
123,124
124,125
125,126
125,266
125,267
126,127
127,128
128,129
129,130
130,131
131,132
133,134
134,135
135,136
136,137
137,138
138,139
139,140
140,141
141,142
142,143
143,144
144,145
145,146
146,147
148,149
148,277
150,200
151,152
151,251
152,153
153,154
154,155
154,167
154,168
156,157
157,158
160,161
161,162
162,163
163,164
164,165
166,167
169,170
169,202
169,203
170,171
170,217
170,218
172,173
172,219
173,174
175,176
176,177
176,221
176,222
177,178
178,179
179,180
180,181
181,182
182,183
183,184
185,186
186,187
187,188
188,189
189,190
190,191
191,192
192,193
193,194
194,195
195,196
196,197
197,198
198,199
200,201
201,202
203,204
206,207
207,208
208,211
209,210
210,211
211,212
212,213
213,214
215,216
219,220
219,259
222,223
223,224
224,225
225,226
226,227
227,228
229,230
230,231
231,232
232,233
233,234
234,235
235,239
236,237
237,238
238,239
239,240
240,241
241,242
242,243
243,244
244,245
245,246
246,247
247,248
249,277
250,251
251,252
252,253
254,255
255,256
256,257
257,258
258,278
258,279
259,260
261,262
262,263
263,264
264,265
265,266
267,268
268,269
269,270
271,272
272,273
273,274
274,275
275,276
279,280
280,281
281,282
282,283
283,284
284,285
285,286
286,287
287,288
